QE00757-1A.mgf
9378
8244
8219
10016
9287
10662
5106
9265
8848
10036
8917
10389
9325
11153
8140
8937
9230
8491
5286
6151
5561
11052
11055
7594
5558
6988
6565
8758
6939
8153
8486
6035
10149
6119
8815
7306
5226
9655
9420
5658
6120
7554
9679
10154
4350
8253
9800
8020
10138
7761
9733
5683
4398
9433
8059
10094
5583
10792
6373
10466
11262
8698
11100
5705
6917
9402
9547
6440
7006
7561
6000
5690
9079
6384
8765
6429
5747
10194
9920
8517
11143
9919
9064
8550
10176
9886
8469
4464
5495
10262
8037
10386
6311
8387
6344
5867
4134
9697
8736
10553
8427
5439
11222
7162
10878
9942
8327
6877
8458
4978
11295
5821
4841
10484
9239
4994
6288
5477
7182
8894
7153
10976
6264
8656
10018
6860
5958
10848
6579
8710
6955
10766
9483
9478
7671
5869
9501
10936
7939
7093
5832
5992
8996
7639
11204
8329
11183
10084
7212
7971
10984
9449
8372
5070
10066
8761
8618
10339
6894
8696
9246
7962
10928
6736
6882
7927
10371
9120
7372
11123
8777
10006
9226
5932
6588
8112
10778
5147
10725
6169
7757
7953
7309
11094
9231
5575
5502
9184
9151
8849
10037
10322
9208
9034
8914
9630
8245
11154
7884
9295
8938
7241
9609
5562
5533
10397
6956
10071
6083
9313
9368
7338
10447
8298
8223
9289
9714
7759
8290
7400
11030
7307
7702
10438
9423
6526
7327
5129
6034
10153
4304
6460
10000
8533
4368
8803
6527
7762
5766
8058
10095
7544
10786
9848
5604
10449
9663
10134
5706
6918
10280
10465
11314
9025
7422
7566
9391
10516
6369
11309
6250
9921
6305
8406
7065
7012
9918
6548
10238
9416
9612
9950
9692
9885
8196
4530
10741
10552
10276
11254
4159
7827
7163
10362
8326
6327
7847
6876
9892
5820
11283
4995
3863
4940
7183
7838
7152
5962
10872
8464
6265
7947
8360
6861
6834
10216
6547
6858
7901
9479
5868
6330
10803
9107
7090
10673
5833
10885
8960
5995
8997
10007
8328
7849
6637
11182
9147
4751
10985
8373
7865
9792
9235
9167
5024
6704
10398
10998
9537
10845
10810
5955
6737
6883
9225
10821
9965
7988
10128
5144
10054
7366
7756
11131
10519
7271
7952
7621
9232
5159
11015
9185
10336
6940
8915
9631
10356
8242
11239
11097
10927
7887
8142
11155
8939
5280
6598
5532
11158
8873
6567
9369
10426
10728
7344
9274
10114
8768
9713
7758
6485
6518
9453
8151
9653
7458
9422
10081
7552
10784
5525
9334
9704
8804
9768
9859
8160
7598
6024
9080
7445
10072
6410
9022
5685
9662
10448
9759
8199
9828
8529
10528
5570
9024
10242
9557
9390
7983
8048
9659
9922
6304
9988
7518
9863
4526
8507
6386
10293
10239
10639
9417
7527
8407
6046
9645
6346
10570
8197
6066
7022
8734
10746
9568
4932
8345
11220
7826
10859
6326
8729
6875
6802
8425
10208
9519
9834
9940
9992
7839
8465
11293
4468
5499
11268
6862
8449
11244
10217
5475
11211
11280
10760
6222
9476
9971
6716
6331
9104
5435
8712
8994
10884
11181
6756
8541
7848
10802
5912
7617
10986
8370
7864
7813
7177
7928
10317
10427
6636
6213
10946
5954
10278
8970
7209
9617
7370
11178
7782
9192
9458
9224
9521
10377
8665
7735
10988
11136
9833
7227
7620
6794
9262
10048
11014
7367
6689
6092
10359
5069
8791
11096
10924
10015
9233
7699
9359
10173
6599
6726
6506
6178
8872
7886
9311
10425
8974
8209
3902
7390
5531
8481
10160
9712
9161
5163
6482
6081
6519
7297
7305
9748
8156
10442
7484
6125
7551
10080
6032
10382
8254
9705
9805
5112
8116
9650
5620
9605
8805
7764
8688
9337
10403
8979
10093
6025
10367
7411
9087
6568
9596
6413
9843
5234
9661
9727
6448
8170
9047
8528
7003
8016
6181
9758
9397
8049
10529
5216
6307
9989
6078
8138
8506
5396
9016
6378
6047
8745
7508
8194
8439
9838
8566
4820
10550
4685
5276
5804
9029
9567
10298
5714
10142
6874
9894
10274
4675
6230
9941
6325
5421
10481
8094
11292
5895
6832
5722
8893
9480
9477
7674
9970
7951
6717
4859
10404
7803
5793
8640
9105
7096
11258
4806
10411
10869
7634
10805
5915
8453
6777
8371
6892
11102
5997
9517
8762
11180
6631
6212
9145
9986
8584
9243
9591
7929
5403
6731
6881
8971
7208
10947
7384
6655
6622
7264
9459
9522
10704
5937
9787
8666
9123
5835
4779
8900
4892
8772
6779
10989
6642
7226
7623
6795
7734
10334
9218
5068
10358
10012
7359
10830
9261
5501
7246
9824
9358
4323
8844
8899
10738
11051
6102
6179
9229
6604
5647
10023
5133
10058
4330
6483
10908
10424
9310
8819
8866
8157
7251
10782
10714
5527
10383
10005
8052
6463
6920
8953
9651
5627
9356
7765
8689
10402
9336
8826
6026
8071
7333
5778
5630
5180
10090
8171
5259
9046
10147
8527
4316
5725
9026
7427
8547
10575
10201
10297
5388
9059
8538
11156
7565
6902
9060
8002
4832
6388
11095
9643
4622
9411
8401
7011
6340
6813
6430
3751
5257
9939
10557
9876
10744
5803
8549
10891
5981
9803
9004
8565
4821
8044
4459
11226
10275
8343
4945
7068
6324
5379
5420
5878
9013
10540
11246
9474
7675
6333
10073
7802
6831
4985
5836
10493
8620
9146
6220
11200
6754
10556
6879
8641
10886
7635
7188
7793
6630
9960
11248
8972
11132
9166
11190
6654
8624
7267
9173
7285
9506
8316
5936
9780
10302
10931
10705
9251
10698
8958
7957
10785
10333
5052
7491
9155
6130
8513
9219
6643
9377
8241
6149
7358
10013
10597
10831
11069
8845
8898
7724
10799
8910
10410
11050
7310
9228
5546
7245
7940
10022
10324
9629
6504
5014
9710
6952
6983
6087
9317
10913
10002
8867
7779
7893
8154
9348
4710
10783
7404
6147
5114
8114
9607
6522
11160
10082
6474
9339
8256
8827
9707
8807
5686
9667
9434
6479
5551
9045
7579
9841
4645
6965
7426
9092
6187
10574
8172
7531
5389
4268
8539
8896
9014
5316
8692
8181
9856
10108
9670
8500
5376
9749
10536
8402
6045
9063
8003
6190
9889
6437
9543
3750
9002
9412
11071
10745
5735
7056
8563
8548
6343
10221
4826
8045
8428
10758
8342
9463
7823
7513
10407
9916
4866
8395
6350
5378
9896
5879
7030
10483
11267
11327
11247
6269
8435
6715
6796
7858
8739
6865
5791
6830
4984
7196
5343
10763
6221
6274
8339
9475
7078
11201
7141
6878
8646
7041
7869
7816
7178
8993
7918
7189
6495
10712
9961
8308
4848
5951
5401
10646
4871
5716
8973
7206
6452
8586
7856
10690
7266
9172
10686
11117
4496
8660
10651
10867
7382
7781
9445
8770
10930
10702
9256
10852
5935
10825
7220
10699
8851
7225
5002
6164
7362
9539
6644
6611
8959
8741
6148
10045
9236
9189
8611
4706
7725
6684
8911
10017
7268
4887
7883
11159
6606
7941
9270
10807
6948
9628
6503
5015
6100
11012
6481
8920
9316
8155
7467
9646
8888
10381
6146
7300
7778
7355
5625
9354
10127
10085
6596
5195
10067
10780
9201
10795
9338
8259
8824
7747
8115
9084
7441
8808
7767
9739
5569
6979
9272
8797
9839
9997
9771
5723
9840
6019
6964
5237
10577
8173
9044
8764
7530
9093
5315
6456
9394
6903
6364
8282
10531
4296
4274
10130
7523
11328
8403
5738
9062
8004
7996
8503
8193
9540
9383
9937
9413
10268
6291
6342
4596
9753
7077
10220
4827
8510
10555
5384
8341
9462
7131
7512
9911
4867
9897
6806
9571
8429
9015
8099
11264
9559
8709
11326
6484
6335
7859
5790
10030
5479
9959
10598
9902
7142
5916
8450
8647
7095
7040
8086
8594
10888
11202
10715
10879
9140
10855
9962
4849
8707
5950
10840
9139
4870
8767
10146
7205
7602
7679
6718
8581
9171
7283
8318
8661
7383
5918
6621
10808
10933
8592
9257
6798
8850
6745
7731
6692
5446
11185
7363
9035
9538
6610
8987
7294
10011
9589
5923
10044
9981
10595
9157
9781
6685
6658
10566
9371
10975
8216
5544
7882
7230
10379
10815
7394
9627
6502
9288
8788
6107
8604
6085
9315
10421
9362
8276
10911
6158
10020
7229
7466
8889
6098
6145
7301
7354
7704
10179
5624
5289
8261
5659
6597
10781
5599
6949
9005
8825
9701
7744
6925
8072
11025
7330
7768
9738
4251
6537
7593
6021
9649
4311
9770
6417
8691
6967
10515
5633
9344
10576
6499
8690
9043
8524
7533
7424
10670
6907
4904
11081
10621
9672
6363
11018
5392
9602
5661
9286
9038
10252
8005
7995
10632
10431
9818
9956
7009
6318
8074
9752
6435
9541
10578
10223
9076
8511
5332
5385
5737
4264
9929
11225
8340
7821
7511
8475
8886
6329
8397
6356
9898
6807
6422
9570
5263
8575
8708
11135
4946
5449
7154
8437
7032
10523
6867
5797
4986
3770
10614
10234
6316
6276
9473
9974
9903
8457
8644
8087
9621
8991
8323
6753
11203
9872
8659
4786
8706
7814
8683
9138
9374
9983
8766
7909
7601
9592
10992
8580
7854
10596
7105
5953
7930
8319
10445
6885
6850
7204
9883
5676
6626
10684
9170
9254
10700
10505
10850
10301
10641
10488
6691
6666
10589
10932
7647
9214
9249
6646
7954
9136
11088
10594
9698
8613
9370
10921
8747
4728
6600
10378
10327
5017
8787
6106
9457
9528
9314
7687
8275
8750
6159
7397
8831
10078
9194
5168
6516
11039
10387
6144
9584
7705
8558
9352
5650
10178
6128
10087
5598
5175
5523
7745
8931
9303
10950
9837
9648
7443
9817
5774
8159
9865
5634
9613
6534
8224
9728
11053
9042
8523
11217
6184
8066
10089
9862
7320
6450
9673
7989
8280
10620
8269
4272
10132
9088
8534
9760
8182
9401
9644
8006
9439
8864
11306
10533
10633
7521
7574
6015
3985
9751
8191
4967
9820
4637
9077
8983
5736
8474
6434
6357
9546
9899
6804
6257
10192
11324
6328
8008
5424
9017
5892
8031
5796
6248
6317
6271
9900
8645
10200
11282
7193
4500
5346
5974
7915
6750
5872
8705
7815
10777
4992
5406
10656
8769
6215
6262
4745
10991
7855
10842
5952
9586
5496
11112
6853
7203
10789
10443
9535
10683
7933
10678
9830
8590
9255
9606
10306
8663
6486
10423
6667
8907
7646
6727
9248
6647
10346
7278
7296
11072
10593
8978
8612
9159
8941
8746
10046
9982
7249
8498
7944
7378
7720
6687
6938
11009
8786
11179
5542
10696
9360
9273
10794
10694
10617
8686
5169
6987
6649
7276
8799
6922
7356
8557
10368
5058
4328
10086
10064
9202
6947
9328
7742
8110
6990
10430
8932
7691
9351
7336
10948
8169
10409
11007
5588
6958
6089
8556
8121
10441
5298
5660
8225
9041
9990
9137
10514
9772
9096
8067
11223
10088
5243
5699
8281
7535
6052
10135
8535
9761
5717
9734
9852
8576
8559
6194
11301
5390
5748
8107
7577
6041
9689
9750
4966
5755
9386
8041
5369
10736
11312
5739
4656
7052
7132
7517
7984
6805
6424
6256
10754
9467
11323
9815
6236
6281
10079
7063
7018
8009
6354
8726
8431
7950
5490
8577
6497
6314
10616
7121
7500
6270
9901
6338
8368
10207
11266
8089
11229
10494
7169
5973
9516
8479
8320
8455
8422
5873
9987
6728
6898
6823
4039
4993
7185
10949
10172
5429
7852
10818
7202
9488
6760
7234
9504
7785
6624
6203
10679
7280
7658
5842
8966
9129
8697
9134
7168
6664
7645
10934
8302
8591
7863
5077
10648
7921
10347
6746
10721
11162
4485
8984
10592
9212
11139
5906
8940
9234
8213
5151
10836
9190
8842
7377
8785
6104
9857
9223
6602
7248
8200
10052
10025
8908
9624
8239
8833
7368
8603
10909
7277
7685
9361
9283
7351
5572
6673
7257
10109
7498
10063
9205
6946
9329
11091
8248
6113
10350
9482
6926
7889
9305
9350
8264
6592
9583
4252
11004
10408
6959
11028
9318
8279
9511
6155
9290
5636
9347
10440
10074
7590
9827
10513
9775
8120
7429
9424
5594
10292
6138
9675
9455
5670
5434
8079
8184
6904
9398
4187
10791
11300
7576
6191
7436
6543
9544
6441
5251
10631
7035
8416
6295
11325
8476
6077
5694
7985
8514
10534
6255
10757
10190
10600
9466
6282
11322
7062
5812
7019
7560
9680
6355
6380
9658
9019
8494
11260
8578
8033
10546
8265
8352
6315
8383
6842
7501
6060
9979
9693
11237
8732
5794
9001
9562
7044
10495
11251
9642
7166
5989
10862
8478
6273
6707
6873
6808
8454
8423
11104
8703
4874
7186
10693
10470
7084
5870
11299
8093
10819
9799
5473
10211
10858
7201
7904
10997
11019
6767
10676
7968
7659
8714
8965
10957
5413
9505
7281
9498
8046
6725
8596
7862
10828
6895
10319
11070
10344
9133
11165
11187
9527
6665
8614
6163
3931
9797
10971
8744
10837
10040
4486
8843
7376
6681
7966
9128
5515
10658
7946
10024
5134
7398
5539
10053
10399
10586
9623
8784
7369
8600
8950
10915
6792
7350
6672
9180
7499
4716
8832
9204
6945
11016
9634
9604
6141
8869
7888
8934
10175
9306
7693
6528
9684
8230
9353
6109
7318
7740
7715
8278
11029
9291
10798
10111
9340
4342
9718
7597
11138
10075
8520
10612
8810
7771
8695
6189
10512
5597
8178
10233
6464
6054
9308
10436
5715
8130
10157
10569
11303
8109
8537
6016
5639
7991
9756
6584
6914
5207
10461
9418
8415
10366
9021
10900
6076
5695
7986
8515
9296
7539
4690
9842
5267
9925
7562
9949
9683
8555
9998
6254
10567
11261
4146
8579
4819
10547
5325
7580
6283
11218
8353
6312
8382
6843
7502
6061
8433
9907
4851
8733
5365
9563
10180
7482
5971
6272
9656
9978
7843
6872
7047
10205
8702
7818
9512
7912
7661
9947
6706
6408
11188
8655
11298
9995
7101
9798
9191
8679
7187
11216
9486
6766
10405
8331
10680
7969
9813
10677
6739
10498
8715
8955
6889
5035
5414
10956
8980
9502
9499
7612
7643
6771
11170
8300
7861
7170
5944
4035
7291
10393
11186
6162
9263
9210
9245
9796
10697
9163
10970
9269
10043
10806
10590
8617
4777
8891
7723
6682
7789
6653
6628
8942
9221
5514
7235
9125
10870
10050
10587
9622
8783
9367
8206
6793
5834
11011
7461
7496
6097
9635
10994
6542
11093
7709
9267
8935
9307
5654
10174
10826
9207
10061
11002
10158
8790
8877
7741
11278
9545
6993
6563
7340
10029
9341
6538
8220
9831
9717
7596
5556
9777
10511
8694
10110
9668
7556
6037
8179
8687
7536
9708
9802
6057
9879
5228
9309
6570
8268
6409
9731
4903
8164
5244
8284
6395
8251
6028
7414
8952
8800
8982
7990
8509
6915
10170
6371
9779
9020
9585
8013
6348
8068
9755
9722
10226
7028
5889
10291
7538
5382
6059
10196
7514
7563
6075
6002
9033
11270
8552
6382
9742
6253
4624
4818
8035
11320
7060
6313
8381
10611
7124
6062
8432
8730
6839
10031
5809
7164
5970
7139
5987
7026
9904
5887
10197
10942
10204
7046
11038
9515
7911
11208
9944
8325
8654
8195
10446
4816
8701
10954
7180
9874
9485
7673
6765
10995
6712
7851
10008
7102
6837
11288
6857
5415
10955
11198
8496
6206
9603
6772
6957
7860
6897
9788
10880
8055
11167
7795
6663
8015
7210
9148
7613
10983
8589
4757
5905
10342
9795
5072
9131
5152
4488
8616
10756
6629
6783
10973
6734
7948
10308
11061
8890
11082
8623
4897
8512
7293
9220
6475
8858
11169
10723
5141
7460
9186
7497
9518
10355
10388
9379
8795
11092
8748
9284
10019
7352
8693
8492
10177
11321
10060
9206
6943
6096
8916
8876
6994
8936
5648
9525
8221
5189
9716
7595
5167
5777
6562
9776
7777
8125
8152
10117
8485
7325
6036
10148
10968
6118
6056
4761
9346
9654
9421
7480
10168
9730
9690
9333
10155
6029
10588
10139
10972
8531
7760
5238
8508
6735
6372
9778
7573
9023
8069
5704
6444
5693
9078
5888
9403
5383
8413
6058
11062
5719
10653
6358
6385
9743
6252
5746
4625
9927
8034
11291
8134
10549
11074
9887
6814
8468
7038
9855
9414
6245
5272
6310
8380
5984
10894
7025
8562
8731
8348
7165
10364
9945
7845
9890
6267
9444
10485
5826
11296
5786
10214
11241
7181
9811
8466
7670
6764
10068
7807
5959
6836
4097
4797
7907
10765
10801
6207
11199
9268
9101
5436
8595
9789
8999
8668
7638
9593
11166
11184
7211
9149
10573
6773
8588
9247
8740
7228
8675
7925
10343
8975
6651
8919
11120
7656
8311
7870
5093
7949
10309
5039
10372
7373
7388
9620
9197
9227
5933
10892
10866
7738
5146
9187
7993
4719
11133

QE00757-1B.mgf
56850
58231
54336
57651
53709
55349
54243
54356
56759
54776
54683
54716
54380
59161
55650
56024
55197
57661
53685
54329
57769
54103
59142
55172
58717
55198
54855
59168
55664
54841
59245
56766
56386
57527
57186
59216
58489
54222
56919
57304
53961
56886
58380
57530
54556
55522
55637
57151
58185
55587
56467
59143
57919
58383
58719
54374
54478
54651
53857
54191
56248
58905
54734
55985
53997
57224
55408
53867
53847
56063
59322
53920
54923
54198
53854
54203
54442
56716
57564
59133
55679
54612
56700
57276
54604
55613
55665
54035
54021
57519
58982
57889
54167
56803
54018
57332
59957
58360
55369
56369
53711
56488
54332
54081
54118
53770
56428
55709
57739
56176
57930
56981
56603
59006
57238
56445
57754
53915
53801
56475
54127
58387
54983
54325
58232
58498
57896
54399
55966
57693
54463
55444
54355
56346
55843
54670
56403
58743
59499
58663
55177
56199
58921
55470
58195
58906
56096
56925
59321
55632
58485
55045
57128
55118
54317
55216
56753
57149
55714
55418
56591
54626
57535
54482
54221
54378
57529
54404
54816
55644
54545
55981
58110
53793
54524
58565
55594
57616
55681
59150
55026
55468
59146
55786
56311
56154
57417
55326
55220
54979
54600
58420
54224
57108
58786
54793
57611
54866
56378
54916
54360
56448
56638
55094
56318
57828
54842
59020
58872
54211
57009
56379
56817
54607
56508
57795
57103
54838
55564
54273
56484
54502
57866
56471
58689
54123
53958
56424
54440
56493
54270
55348
58161
55273
54242
55364
58345
57428
54682
57751
56057
59402
56084
57427
58466
55488
59165
55319
55977
56058
57582
55713
56387
54840
56767
54225
57232
53657
54710
54063
55549
54255
56595
55636
53976
55296
53787
55054
56093
58100
55937
57180
57310
58483
55093
53856
54151
55492
54581
55948
56404
56078
53848
55527
56315
56158
55116
54233
54190
58408
55617
54920
55378
56900
53790
55746
55669
54724
57553
55728
54961
54732
56262
55335
55845
54757
56065
55589
54267
55345
58219
55805
53930
53662
54905
57574
55606
58956
60106
54209
54036
55895
53712
57517
56487
54507
56679
54718
55573
56053
54277
54771
56986
55368
57931
59555
53802
54391
56494
54984
56552
54326
58499
56856
58462
53952
58154
56054
54252
54042
54671
54245
59438
53873
56402
54382
54685
54714
53832
54417
56453
56392
54274
56579
55279
55635
57148
54566
54591
55520
57184
53747
55255
57588
54509
59315
54898
54491
57363
55285
54525
54376
54918
58175
54965
54586
55533
58183
54878
56697
58732
55469
55808
53851
54632
53991
54449
56075
55048
54206
56642
56157
54012
56365
54809
57845
56371
57910
56869
57566
55320
54024
57554
58209
55502
58279
57796
56271
57102
55340
54172
54740
55278
54839
59204
54666
54902
56362
56990
56221
53810
57867
54819
54943
54023
57775
59559
58713
56656
57571
56601
53768
54661
55764
54504
59905
58728
57200
59163
54394
57112
58805
54466
55272
54241
59374
55170
56447
56988
58492
59149
55699
56059
55109
58971
56823
53808
59170
55317
54099
57548
59290
57229
53831
55417
56411
55610
54562
53753
55524
58759
59246
53786
55626
58087
55407
55427
55367
57183
57907
56873
56168
54340
54019
57011
54582
55548
53981
57226
53970
54624
58188
54187
55592
58448
56893
55321
53849
57005
55092
56287
54518
54526
54796
59288
56940
58889
54057
53811
54966
57955
54047
57190
54493
57170
55336
55748
56313
55784
56124
56965
55752
55358
56849
54359
54602
54148
57771
55019
54906
57939
57116
54266
56288
58017
56423
54462
55738
54213
59661
55377
56840
58920
53764
56987
57042
59201
54054
54936
57860
58506
58103
55211
55174
54115
55196
55271
54244
56884
54459
58952
54327
56780
54684
54228
58828
54475
59166
55303
54287
56385
55132
53684
56554
56391
56381
53872
56401
59169
56578
56745
58152
54297
59383
57998
54677
54409
55938
57130
57187
58144
55254
54223
57532
56506
54275
54557
57025
53834
57072
58567
58184
58446
55596
55113
54290
56246
57984
55243
58342
54970
54650
58904
54587
56307
57075
55049
56317
56156
55324
55008
56576
54588
56861
57846
54013
59261
56969
56370
58874
59022
54050
58424
56758
54005
55343
55566
54128
55426
56151
53936
59205
57275
56363
55572
54803
56511
54087
57212
54249
57772
55630
58618
57225
56297
57463
56756
56314
59012
54575
54989
54333
56368
56429
59162
56474
57215
54230
54465
53816
55275
57824
58513
55171
57600
56446
57201
56277
55108
54673
56765
54982
53809
55547
54348
57122
55449
54247
53830
54697
54708
55638
57230
59071
54712
54227
58726
56924
55404
56468
55416
54654
56682
54068
57129
54314
55419
54583
55982
57227
54593
53980
57182
54568
55089
54821
56245
55097
54544
54420
54212
57065
56685
54860
55969
55593
59289
55487
54584
54730
54559
55945
56155
55965
55850
55327
55787
57551
53853
54443
54726
55615
56837
58803
54519
54079
53932
55018
56367
55338
54948
58902
58083
57737
55425
58871
57501
54268
59264
54082
54608
59250
56800
54941
54900
54546
57515
54122
56470
58146

